 9788937473135
 9788972756194
 9788936433598
 9791195522125
 9788954646079
 9788954645614
 9788956604992
 9788954622035
 9788936434267
 9788996991342
 9791187119845
 9788997092772
 9791186757093
 9788901219943
 9788936434120
 9788956609959
 9788934972464
 9788965132288
 9791161903538
 9788933870693
 9788957369364
 9788937853470
 9788937889714
 9788937848247
 9788954646123
 9788937838750
 9788954641630
 9788984373358
 9788990982575
 9788972758426
 9788972757573
 9788954637756
 9791162332542
 9788972758242
 9791130611853
 9788954646130
 9791130605210
 9788990982674
 9788936446819
 9791185716541
 9791195794799
 9788965962205
 9788950965693
 9791185952987
 9791196025847
 9791196025809
 9791162202913
 9791196025861
 9788934977841
 9788998274795
 9788966350278
 9788965705468
 9791160486735
 9788950972226
 9791158360375
 9788932918372
 9788965705451
 9791196232160
 9788925563350
 9788936447014
 9788966350759
 9788937473173
 9788965133520
 9788958284482
 9791196075170
 9791161902845
 9791130614779
 9788956607030
 9788972753698
 9788952784933
 9788952786470
 9791195322183
 9788954427173
 9788984373068
 9788959135592
 9788993242706
 9788960863132
 9788959136896
 9791187192466
 9791186560129
 9788997396658
 9788954623773
 9788965700609
 9788952775184
 9788965744023
 9788983926845
 9788971998014
 9788956056531
 9791186805398
 9788932916194
 9788932023151
 9788952235268
 9788932918389
 9788990611260
 9788936454951
 9791159920967
 9788952773104
 9788971996096
 9788971998557
 9788960516175
 9788936433871
 9791156756552
 9791157107223
 9788950970888
 9788950968670
 9788983926852
 9788964960035
 9788950963477
 9788950967024
 9788901223032
 9788960863163
 9788989863786
 9788989863915
 9788965745617
 9791195677153
 9788960869929
 9788952781819
 9788972754190
 9788950969783
 9788950957827
 9788954643535
 9788995151204
 9788954608640
 9788960869646
 9791186805114
 9788950965471
 9788952782380
 9791186274156
 9788950952587
 9788936433673
 9788932472959
 9788970123691
 9788950971946
 9788934979289
 9788970127248
 9788950961435
 9788972756125
 9791158360214
 9791162335123
 9788950948030
 9788952781598
 9788960863545
 9788959135172
 9788935652792
 9788952781505
 9788950954949
 9788954637169
 9788950950750
 9791196394509
 9788984370791
 9788950960537
 9791160943061
 9788960867093
 9788926387986
 9788950962746
 9788932919126
 9788965746126
 9788937889981
 9788932471631
 9788950956233
 9788965961956
 9788984319097
 9788968331503
 9788952227829
 9788960865563
 9788994702346
 9788950967321
 9788994120966
 9788926387757
 9788937838347
 9788950973025
 9788983920683
 9788937856648
 9788950939618
 9788937839702
 9788984370753
 9788937839726
 9788986836240
 9788926385364
 9788986621136
 9788954640718
 9791158510619
 9788950945220
 9788926384305
 9788926387061
 9788926398210
 9788926385999
 9788937838330
 9791156130796
 9788930219679
 9788937884818
 9788937839719
 9788930219556
 9788950973759
 9788926395462
 9791156130727
 9788932919133
 9788926395837
 9788950937911
 9788926385586
 9791195857906
 9788982730009
 9788960174191
 9788956608846
 9788992036962
 9788984371026
 9788994120997
 9788901219578
 9788957075425
 9791195716937
 9788984318885
 9788937473074
 9788984371071
 9788937461033
 9788959133918
 9788937460449
 9788991239685
 9791195061440
 9788993928037
 9788984372757
 9788965704959
 9788957078150
 9788936472795
 9788901093154
 9788934939603
 9788936434243
 9791196273149
 9788932916378
 9788901214801
 9788998274931
 9788936433697
 9788950967291
 9788925563367
 9788925559650
 9788982814471
 9788984371446
 9788956055466
 9791157280292
 9788995501443
 9788972757467
 9788979198188
 9788979198478
 9788954608657
 9788957077740
 9788984371286
 9788959130580
 9788937463105
 9788937461798
 9788954640756
 9791195990900
 9788901101569
 9788982816635
 9788954650168
 9788973374939
 9788972753940
 9788972978657
 9788954641500
 9788971994276
 9788937473098
 9788956601373
 9788954644815
 9788963708386
 9791159399459
 9788990982513
 9788960513914
 9788954611800
 9791159251436
 9791196222628
 9791130616261
 9788959750221
 9791156757344
 9788962805901
 9788983711892
 9788954651820
 9791188248124
 9788958628224
 9788956605593
 9788954625586
 9791158510824
 9788965133759
 9788937473166
 9788968330889
 9788925562599
 9788979196184
 9788982819278
 9788972754282
 9791162203637
 9788983926296
 9788960863859
 9791130611099
 9788983926289
 9791195677108
 9791130617084
 9791196199807
 9788901161198
 9788937462344
 9791188007134
 9788997195916
 9788925552651
 9788925555553
 9788954639002
 9791185952123
 9788956055619
 9788928615360
 9788947527897
 9788947541473
 9788984315112
 9788970940199
 9788952778437
 9791158360801
 9791186978665
 9791188700073
 9791196012748
 9791130611778
 9788984076266
 9791158360382
 9788997195992
 9788956013404
 9788952772978
 9788972590637
 9788901033518
 9791186117347
 9788984074835
 9788955823240
 9788986621198
 9788950973766
 9791186389133
 9791186647011
 9791130608105
 9791185676432
 9788989646488
 9788930202435
 9791130612249
 9791162201510
 9788934908067
 9788925551425
 9791130616322
 9791187512066
 9788986621105
 9791160560510
 9791187444213
 9788937831652
 9791188451074
 9791155784464
 9788925548777
 9788968331718
 9788952234650
 9791185952826
 9791129429506
 9791160560329
 9788994545714
 9788970949635
 9788955616477
 9788959761654
 9788925562537
 9788996588733
 9788965745624
 9788949124353
 9791130610283
 9788960865594
 9788963713656
 9788925558455
 9791188874088
 9788949120744
 9788934978381
 9788954607346
 9788937884054
 9788949190020
 9788965462385
 9788937884832
 9788937884078
 9788937884801
 9791159096174
 9788964355213
 9788937884047
 9788937884061
 9791195906802
 9788937847004
 9788937884085
 9788963713663
 9788954617628
 9788926397985
 9788964359167
 9788926395578
 9788926395592
 9788965744030
 9788965744047
 9788973377947
 9791186340691
 9788965745877
 9791185716435
 9788973377954
 9791186900222
 9788993964264
 9788935211777
 9788973378319
 9788954637770
 9791187192244
 9788993964844
 9788965746621
 9788993964271
 9788993964585
 9788965746614
 9788973377961
 9788973378050
 9788973378326
 9788965236504
 9788973377978
 9788993964288
 9788993964349
 9788946420762
 9791186560167
 9791187192312
 9791187498186
 9788973378067
 9788936474393
 9788973377985
 9788973378333
 9788936474409
 9788932473802
 9788973378005
 9788973377992
 9788967441791
 9788956056609
 9788971996676
 9788984317413
 9788973378340
 9788932020006
 9791196067632
 9788962621952
 9788954649896
 9791130616636
 9788934979708
 9788954625470
 9788960532410
 9788932318790
 9788925562483
 9788937490347
 9788970637778
 9788984316904
 9788988537015
 9788993607017
 9788973378074
 9788973378357
 9788973378012
 9788990982667
 9788956250595
 9788954638401
 9788973378036
 9791186560617
 9791160400175
 9791195906833
 9788973378029
 9788954635356
 9788965746201
 9791186900420
 9788984314207
 9788973378364
 9791186116173
 9788960863910
 9788971997048
 9788936475604
 9788971991060
 9791187799030
 9788970656250
 9788937490033
 9788960863651
 9788934980940
 9788993964141
 9788936803261
 9788973378371
 9788973378388
 9788993964479
 9788965746218
 9791158790745
 9791130615561
 9788937488351
 9788954621083
 9788934980629
 9791185716534
 9788973378395
 9788973378081
 9788954621090
 9788973378098
 9788973378401
 9788973378104
 9791160200485
 9788973378142
 9788973378166
 9788993607024
 9788958661993
 9788973378111
 9788973378128
 9788973378159
 9791130614311
 9788973378135
 9788954645775
 9788937481598
 9788993607031
 9788954621106
 9788936434229
 9788936434212
 9788937437618
 9788971998267
 9788947542128
 9788956993201
 9788954622448
 9788954645782
 9788993607048
 9788957574577
 9788947541077
 9788954621311
 9788937481604
 9791160200492
 9788960532427
 9788943103767
 9788957574584
 9788993964103
 9788993607055
 9791130617114
 9788901154091
 9788965746232
 9788992037198
 9788954621335
 9788954621328
 9788965740032
 9788954621595
 9788960532434
 9788937437625
 9788949702926
 9788984076778
 9791159160608
 9791159160615
 9788965746300
 9788974838645
 9788993964110
 9788997449439
 9788925535395
 9788954621601
 9788954621618
 9788937450518
 9788993964219
 9791159160356
 9791159160349
 9788965704768
 9788997449446
 9788984317475
 9788937209369
 9788947541091
 9788937209475
 9788937481611
 9788958282617
 9788970638621
 9788957075869
 9788937209482
 9788947541084
 9788956251622
 9788993964189
 9791159160592
 9788936430542
 9788957075852
 9788993607062
 9791196273187
 9788959246434
 9788925561981
 9788949702933
 9788965744818
 9788937209376
 9788937437632
 9788937450525
 9791160200508
 9788936434144
 9788960532441
 9788934978367
 9788983717573
 9788950936358
 9788960865723
 9788937883316
 9788937899232
 9788926385777
 9788926384626
 9788937883293
 9788937884931
 9788926384466
 9788950935252
 9788937884962
 9788926397657
 9788937884993
 9788937883309
 9788926398197
 9788950973223
 9788937883323
 9788926387344
 9788926387214
 9788937884825
 9788937838392
 9788937889783
 9788937899218
 9788926395851
 9788937884795
 9788926398395
 9788926397633
 9788937899249
 9788926387245
 9788937847714
 9788937838323
 9788926395486
 9788926397930
 9788926387511
 9788926384855
 9788937899027
 9788960865815
 9788937839689
 9788937899225
 9788937899256
 9788937899010
 9788937847721
 9788937837531
 9788932903507
 9788956991979
 9788932908557
 9788956992921
 9788901150598
 9788901152219
 9788960865884
 9788932916385
 9788957365793
 9788935211609
 9788960514065
 9788901215709
 9788959894819
 9788960866003
 9788970128856
 9791185392080
 9788937487927
 9788932473451
 9788947540674
 9788937833663
 9788954646734
 9788995688991
 9788934926184
 9788960866072
 9788960866201
 9788992037686
 9788960866157
 9788937462665
 9788997390915
 9791158510688
 9788950955779
 9791162540169
 9788993635850
 9788962605815
 9788971991367
 9788960868434
 9788933870181
 9788925511238
 9791162201046
 9788982735745
 9788972757719
 9788991850446
 9788984371200
 9788984373174
 9791130605814
 9788994612959
 9791157841110
 9788960868007
 9791185541303
 9788925556789
 9788956606217
 9788959135127
 9788954616515
 9791195260959
 9788954620680
 9788950964948
 9791185459271
 9788965705802
 9788994040738
 9788936434151
 9791185152431
 9788952782076
 9788998282752
 9788952791160
 9788972885153
 9791185459790
 9791130613208
 9788970655918
 9788925563022
 9791186137413
 9788994909073
 9791185584454
 9788925561325
 9791185541662
 9791157745562
 9791187345817
 9791188754007
 9791196273101
 9791130616339
 9791185541631
 9791187799023
 9791185541402
 9788952773487
 9791186665794
 9788957821121
 9791186117002
 9791196073107
 9788982732362
 9788925564289
 9791130614687
 9791158510978
 9791160500844
 9791185021966
 9791155322611
 9788960515529
 9791196119584
 9788952777638
 9791196067601
 9791157842728
 9791195887392
 9791195976591
 9788926396902
 9791130617060
 9791160502718
 9791158790554
 9791160504576
 9791186560433
 9791162203002
 9791186650387
 9791185823270
 9791195030507
 9788901220765
 9788996478201
 9791160800838
 9788953527058
 9791186647042
 9788956013046
 9788962478518
 9791196287801
 9788947540926
 9791160940046
 9788937847707
 9791162331088
 9788930219563
 9788926395219
 9788926395233
 9788936433635
 9791161500973
 9788957980132
 9788936452056
 9788936456221
 9788962622096
 9791196316808
 9788964359174
 9791187481157
 9791196155612
 9791196376406
 9788993952858
 9791187481324
 9791187481423
 9791186560204
 9791187993117
 9791160504774
 9791186256923
 9791187993025
 9788957821114
 9788965706205
 9788983718914
 9791130612911
 9791130614427
 9791186137567
 9791187192268
 9788925563305
 9788952238986
 9791160800975
 9791130611938
 9788925563343
 9788960515987
 9788960902299
 9788960902572
 9788974837662
 9788954610131
 9791159350115
 9791130613376
 9791188451098
 9788936437381
 9791130616650
 9788936434311
 9788990982711
 9788954611763
 9791158510848
 9788954645584
 9788960902435
 9788901203287
 9788956602998
 9788954648714
 9788935703463
 9788954648301
 9788993151411
 9788993151428
 9788993151473
 9788994154664
 9788958282624
 9788967354558
 9788934926832
 9788936430559
 9788934914099
 9788974561994
 9791159160691
 9788994154503
 9788994154671
 9791159160288
 9788937481628
 9788994154510
 9788994154527
 9788934917465
 9788937400810
 9788936430634
 9788934917472
 9788937437649
 9788959246441
 9791159160271
 9788930006392
 9788973367856
 9788958282631
 9788936430566
 9788936430641
 9788937481635
 9788949702940
 9788934926849
 9788992133067
 9791159160028
 9791159160684
 9788936430573
 9788937450532
 9788934914105
 9791158510954
 9791158790851
 9788946417489
 9788954617383
 9788954649919
 9788984058873
 9788972754671
 9791186560631
 9788958662365
 9791158160579
 9791160400717
 9791158790615
 9791187498131
 9788972758303
 9791160400724
 9791160400687
 9788925562223
 9788932018140
 9788901217130
 9791160071900
 9788960901445
 9791158510343
 9788976491114
 9788989863007
 9788932905075
 9788935653959
 9788997175857
 9788972597537
 9788990165060
 9788921405197
 9788983921437
 9788972201298
 9788983921444
 9788901042299
 9788990103178
 9788971842225
 9788970659909
 9788972782285
 9788939203471
 9788983921451
 9788990103161
 9788901205595
 9788990103154
 9788983921468
 9788901028514
 9788970650012
 9788971967751
 9788983921475
 9788989258452
 9788945215413
 9788990103147
 9788950905507
 9788955853575
 9788984071285
 9788982813542
 9788989646006
 9788972232308
 9788984370067
 9788972787051
 9788990103123
 9788990785015
 9788990103185
 9788901017600
 9788971843277
 9788973374823
 9788957070024
 9788937812569
 9788990103130
 9788946413887
 9788974562298
 9788945214508
 9788901033464
 9788973373970
 9788989258384
 9788957090046
 9788957572184
 9788930260916
 9788973813704
 9788990462046
 9788995015902
 9788932010120
 9788955820041
 9788937812552
 9788973813711
 9788950990596
 9788934912125
 9788952723864
 9788973817795
 9788990103116
 9788937812545
 9788911020003
 9788984370111
 9788971845035
 9788986565331
 9788990103109
 9788973373987
 9788989863106
 9788934909248
 9788952724113
 9788984370401
 9788995048924
 9788936430443
 9788937480164
 9788950990015
 9788937811760
 9788934913016
 9788934913009
 9788937810800
 9788981334161
 9788995501405
 9788988578742
 9788982816406
 9788946413634
 9788982816437
 9788972232254
 9788990462053
 9788980401055
 9788984983069
 9788955611953
 9788973374830
 9788950906047
 9788945214317
 9788952709479
 9788980197095
 9788972232261
 9788984476219
 9788934912309
 9788937403170
 9788971968062
 9788983392961
 9788936430450
 9788955600209
 9788971969540
 9788995281543
 9788988165164
 9788973373994
 9788937811272
 9788990267313
 9788957070031
 9788957572146
 9788976771629
 9788989258391
 9788930260848
 9788946413627
 9788989353492
 9788976771308
 9788989646020
 9788989646044
 9788971966686
 9788953305427
 9788989646075
 9788995201282
 9788953304680
 9788943305055
 9788971845097
 9788986565065
 9788983392640
 9788987721569
 9788949120072
 9788986565522
 9788980401031
 9788989433248
 9788980103034
 9788982814167
 9788987175485
 9788949100302
 9788975273735
 9788971097021
 9788984476226
 9788980401000
 9788989646068
 9788937810831
 9788901036373
 9788985494656
 9788901029184
 9788957571187
 9788943302177
 9788973375370
 9788931910667
 9788982818226
 9788986565041
 9788988182680
 9788987721217
 9788973817269
 9788937812576
 9788950906061
 9788990420510
 9788972081708
 9788911021406
 9788932306520
 9788946413535
 9788936433444
 9788970633190
 9788957572139
 9788901037905
 9788975601569
 9788982816253
 9788973373734
 9788990462015
 9788973374007
 9788940302002
 9788957070048
 9788934904700
 9788949110073
 9788950905224
 9788950906054
 9788949100203
 9788973271252
 9788987721095
 9788945215123
 9788972081333
 9788989313328
 9788945214812
 9788986621723
 9788936451011
 9788980198153
 9788952723130
 9788957590515
 9788957590522
 9788972752943
 9788934915058
 9788950906078
 9788934915065
 9788950906610
 9788950906085
 9788982180576
 9788990054203
 9788995462287
 9788957590775
 9788957590768
 9788934916314
 9788974562700
 9788950906160
 9788932905815
 9788950990923
 9788990267450
 9788989313496
 9788936436803
 9788970418919
 9788901046075
 9788982819407
 9788982736834
 9788973817986
 9788995547601
 9788989708810
 9788973376148
 9788945120724
 9788934915072
 9788972882435
 9788957071137
 9788930005296
 9788950906627
 9788983893406
 9788957071120
 9788949100487
 9788990025074
 9788990673022
 9788972882428
 9788901044873
 9788901046051
 9788957577653
 9788949190013
 9788970943824
 9788949150550
 9788958071051
 9788995465233
 9788955820140
 9788935657124
 9788986565508
 9788984882713
 9788949150567
 9788987744483
 9788934916321
 9788983893376
 9788957362631
 9788982816598
 9788989708827
 9788972324416
 9788937814198
 9788987504001
 9788980486557
 9788982736841
 9788990794055
 9788971844298
 9788990103192
 9788990267436
 9788973818075
 9788955721164
 9788957512074
 9788973818167
 9788982816864
 9788972888376
 9788985846608
 9788958280422
 9788973376414
 9788934913924
 9788970577227
 9788957576182
 9788989822448
 9788979230703
 9788990267320
 9788970572529
 9788990462428
 9788987721187
 9788939516489
 9788901044880
 9788945119513
 9788973814558
 9788958280286
 9788983921963
 9788983921970
 9788983921987
 9788971844427
 9788983921994
 9788947525473
 9788973818594
 9788950906634
 9788990103208
 9788973818693
 9788956601021
 9788973376735
 9788973376728
 9788950906641
 9788970856575
 9788953105409
 9788989313694
 9788982819995
 9788974563301
 9788982819391
 9788950906658
 9788982819926
 9788990882257
 9788970126685
 9788943305796
 9788952744852
 9788957591246
 9788980401093
 9788984071858
 9788954600736
 9788991147300
 9788959241095
 9788984053229
 9788991121300
 9788957575734
 9788990267528
 9788957591239
 9788937830075
 9788957362648
 9788989646167
 9788972324447
 9788974147976
 9788989313649
 9788901054698
 9788957362662
 9788990025098
 9788957362655
 9788954600026
 9788935206223
 9788973818709
 9788934915003
 9788988344996
 9788934913443
 9788901047904
 9788939205314
 9788934914976
 9788901049847
 9788934914983
 9788934914990
 9788934913450
 9788937814204
 9788991481015
 9788934913474
 9788957362679
 9788934915010
 9788957579084
 9788952709042
 9788934913481
 9788949150598
 9788989863410
 9788955820300
 9788949100494
 9788956601267
 9788957980293
 9788934916468
 9788984311510
 9788957362686
 9788991360051
 9788955600995
 9788932017150
 9788956924328
 9788957090817
 9788954601436
 9788989313977
 9788901058030
 9788950908515
 9788956026442
 9788991310100
 9788950908508
 9788937841668
 9788989313847
 9788973818815
 9788901059365
 9788991643154
 9788989675662
 9788955820461
 9788901058436
 9788959750573
 9788937840289
 9788934921547
 9788976772435
 9788943306120
 9788934922537
 9788934921530
 9788956601618
 9788954601443
 9788934922520
 9788934922636
 9788932903187
 9788952746924
 9788957591840
 9788970570211
 9788986717365
 9788992130172
 9788937841972
 9788911026319
 9788973377404
 9788959866014
 9788985712682
 9788984370739
 9788934913467
 9788991147768
 9788901054889
 9788991643161
 9788970944517
 9788957591857
 9788937840265
 9788991871083
 9788934924685
 9788984370746
 9788958281412
 9788992036290
 9788990287953
 9788953536630
 9788937840258
 9788957591581
 9788992060011
 9788950908522
 9788937831133
 9788937814211
 9788991481022
 9788954601863
 9788984282384
 9788990611291
 9788990220509
 9788937814181
 9788991204256
 9788901057781
 9788937813580
 9788983920928
 9788950908997
 9788980712038
 9788957591574
 9788953535671
 9788949101538
 9788950908782
 9788992010016
 9788949190884
 9788971968413
 9788983922557
 9788983922564
 9788936433581
 9788983922571
 9788983922588
 9788971847558
 9788952206503
 9788932907598
 9788992555487
 9788991643260
 9788984370869
 9788989675761
 9788934927044
 9788950908539
 9788991643277
 9788934926115
 9788973379507
 9788934926108
 9788973819171
 9788955820683
 9788937841989
 9788972754015
 9788954603225
 9788995690260
 9788992555531
 9788932017983
 9788995690277
 9788937841996
 9788957515174
 9788950908546
 9788956601946
 9788954603904
 9788925510118
 9788996047636
 9788995690253
 9788937842009
 9788930206549
 9788989675846
 9788995690284
 9788990982247
 9788995690291
 9788957090251
 9788960860193
 9788936436995
 9788901060316
 9788954603232
 9788955856255
 9788934923893
 9788937840296
 9788937840272
 9788925504728
 9788930206457
 9788960860384
 9788995881606
 9788937813603
 9788960510197
 9788995958483
 9788973378456
 9788930206556
 9788930206518
 9788959132959
 9788955856231
 9788955856279
 9788976772589
 9788934925798
 9788930206532
 9788955856248
 9788955856262
 9788991204362
 9788937813597
 9788992693103
 9788989654360
 9788937842016
 9788952207746
 9788954606417
 9788932908564
 9788984313170
 9788992525350
 9788937832215
 9788995816769
 9788954606905
 9788954606837
 9788934928744
 9788930206570
 9788930206563
 9788937832468
 9788934930471
 9788992647601
 9788930206648
 9788937832208
 9788984370906
 9788950908553
 9788957090343
 9788930206587
 9788930206600
 9788930206631
 9788993285550
 9788955820805
 9788992693035
 9788934927860
 9788901078588
 9788934932062
 9788937842023
 9788992693028
 9788993285284
 9788930206525
 9788925518657
 9788930206617
 9788973819546
 9788992693011
 9788930206594
 9788974254896
 9788937842214
 9788937842030
 9788973819355
 9788937842238
 9788992693073
 9788932908694
 9788930206488
 9788930206624
 9788930206396
 9788930206471
 9788901091693
 9788934932796
 9788925600543
 9788937842184
 9788976776075
 9788952209245
 9788930206495
 9788937842221
 9788954606011
 9788937842191
 9788956602400
 9788954605908
 9788935207428
 9788937842245
 9788930206440
 9788937842047
 9788930206334
 9788930206464
 9788930206389
 9788963700342
 9788971848173
 9788936433703
 9788963710020
 9788937832543
 9788963710037
 9788983923387
 9788930232005
 9788954609647
 9788973370603
 9788930232012
 9788930232036
 9788952755988
 9788954608992
 9788930232029
 9788930232043
 9788934933205
 9788932908700
 9788934935360
 9788937842269
 9788932910413
 9788955820904
 9788984371002
 9788983923394
 9788932908823
 9788945125156
 9788930232067
 9788937842252
 9788932908830
 9788934935797
 9788950921392
 9788937842061
 9788950908560
 9788956185415
 9788937842054
 9788930232050
 9788964350508
 9788995904961
 9788954611275
 9788925532172
 9788934933151
 9788961888110
 9788990982315
 9788955820966
 9788930206709
 9788908041318
 9788937847639
 9788937842276
 9788990611338
 9788984970243
 9788937847622
 9788956185422
 9788992693080
 9788930206686
 9788990982346
 9788930206679
 9788932910420
 9788937842207
 9788965700036
 9788993824469
 9788950926298
 9788960511194
 9788954612999
 9788936433765
 9788932910680
 9788937847660
 9788954613026
 9788955821055
 9788947527934
 9788954613507
 9788934938569
 9788963710051
 9788937847646
 9788937847653
 9788984371019
 9788937847677
 9788963710068
 9788990982377
 9788934937111
 9788950908577
 9788993928259
 9788937847998
 9788992693158
 9788953294042
 9788901112831
 9788930232418
 9788932910697
 9788953294035
 9788937848124
 9788996628705
 9788953294028
 9788943305840
 9788992693097
 9788992693394
 9788990982407
 9788901108384
 9788953297159
 9788953290730
 9788954613392
 9788930232401
 9788956026220
 9788953294011
 9788993055030
 9788937847943
 9788993055122
 9788973370597
 9788957364390
 9788963710341
 9788954610681
 9788963710358
 9788971848685
 9788901130460
 9788963706320
 9788954616638
 9788984371125
 9788963706856
 9788937847684
 9788937847691
 9788932915371
 9788949123141
 9788994893150
 9788937483943
 9788950935665
 9788958285557
 9788950908584
 9788977771888
 9788991239739
 9788932915388
 9788984371118
 9788965743279
 9788952762078
 9788990982445
 9788992647670
 9788937848407
 9788901127507
 9788965590064
 9788993055207
 9788955821697
 9788901122816
 9788991239838
 9788950933401
 9788926390276
 9788926390269
 9788953293991
 9788953294103
 9788965460404
 9788926390283
 9788930232425
 9788984371095
 9788953290723
 9788937848414
 9788953290709
 9788937848261
 9788926391129
 9788953290693
 9788953290716
 9788926391136
 9788930232432
 9788996733126
 9788926391419
 9788992693615
 9788934958710
 9788957364475
 9788964805022
 9788965460220
 9788992693530
 9788959136612
 9788937848254
 9788984371132
 9788954618984
 9788954610551
 9788984371170
 9788993928488
 9788954620666
 9788965701200
 9788932305332
 9788930232470
 9788955821970
 9788998010041
 9788965701255
 9788994013503
 9788960865273
 9788958285342
 9788991239876
 9788964808092
 9788964808283
 9788926391709
 9788990982469
 9788926391792
 9788926391426
 9788965590262
 9788926393581
 9788993094640
 9788964808238
 9788926391846
 9788926391211
 9788930232449
 9788996746416
 9788936433925
 9788926391723
 9788964808108
 9788930232463
 9788991239920
 9788954428361
 9788965460442
 9788960652811
 9788964800072
 9788973374113
 9788992693318
 9788956516714
 9788901039121
 9788973374137
 9788973374106
 9788958620365
 9788968330124
 9788983924872
 9788958620358
 9788984371262
 9788983924889
 9788970653976
 9788958620372
 9788958620396
 9788958620389
 9788986361438
 9788958622178
 9788962606096
 9788993734348
 9788990982506
 9788965701866
 9788984371279
 9788932916484
 9788958620617
 9788958622499
 9788958620792
 9788958623663
 9788958621829
 9788954621472
 9791185051062
 9788972976929
 9788958621058
 9788930206723
 9788958622857
 9788958623076
 9788926393826
 9788958622666
 9788926393604
 9788926395035
 9788930232517
 9788957365670
 9788930007016
 9788932916637
 9788954625883
 9791156755371
 9788971848722
 9788947540032
 9791185014517
 9788983393418
 9788931001990
 9788950967062
 9788983920690
 9788984371439
 9788983920706
 9788990982599
 9788990982544
 9788990982520
 9791155092354
 9788995516287
 9788957366622
 9788990982551
 9788934969952
 9788955823066
 9788971847244
 9791156390404
 9788930206778
 9788957365779
 9788930206761
 9788937883286
 9788957366455
 9788983924469
 9791130607887
 9788970638638
 9788952230645
 9788950962869
 9788984056725
 9788970638713
 9788932917429
 9788963710624
 9788970638720
 9788935210428
 9788970638737
 9788965590972
 9788937837784
 9791133440054
 9791155360460
 9788959139309
 9788965962830
 9788934982975
 9791186686348
 9788965962823
 9791188874149
 9788965746669
 9788972758990
 9788990982728
 9788990982735
 9791195906840
 9788934981237
 9791129489159
 9791188874217
 9791196067694
 9788968331862
 9791130619309
 9791162202425
 9791158160807
 9788984059436
 9788984373617
 9791160401967
 9791158160869
 9788934982968
 9788965706908
 9791162205624
 9788950977856
 9788950975739
 9788925564487
 9788931587012
 9788932919270
 
8995585544
9788965132509
8973271423
8981620016
8989286042
8988285123
8977781477
9788960954076
9788985648929
8989756073
9788994255408
8977942721
9791185952208
9788989566526
9788935661534
8941407982
9791195408511
8982877126
8989714621
8915039483
8932007772
9788926396889
9791195593132
9788997287093
8976502191
8985422537
8984900982
9788994011790
9788992433365
9788974745134
9788992289474
8989292115
8987858057
9788973866212
9788968662355
8988388283
9788970821429
9791155163689
8943101902
9791156221173
9788963215358
8987826074
8970341501
9788979599909
8988388011
8976264312
9788968229633
9791189419011
8943530161
8973890026
9788979693867
8986429764
8973180002
8952304012
8987519325
9788963257792
9791156102632
8995725028
9788966241422
9791160100044
8937423677
9791186129111
9788955378887
9791187601562
9791162240601
8972231460
9788956385808
9788993364323
9788959061006
8958560223
